-21 251 -724 -720 146
5 57 -73 -67 -159 -1 -198 781 -1715 6842
0 36 -53 -36 -232 81 61 1246 -4742 1447
1 55 -44 8 -217 12 134 2626 -4118 2009
2 46 -32 -42 -208 12 148 806 -2562 -344
3 61 -75 -10 -181 157 87 788 -5431 3828
4 31 -39 -61 -76 -21 251 -724 -720 146
5 57 -70 -68 -159 -1 -199 781 -1715 6842
0 38 -51 -34 -233 81 61 1246 -4742 1447
1 55 -42 10 -217 11 135 2626 -4118 2009
2 45 -31 -45 -208 12 149 806 -2562 -344
3 65 -74 -9 -182 157 87 788 -5431 3828
4 49 -42 -57 -76 -20 251 -724 -720 146
5 60 -71 -67 -159 -1 -199 781 -1715 6842
0 39 -52 -34 -233 81 60 1246 -4742 1447
1 54 -42 6 -217 11 134 2626 -4118 2009
2 49 -30 -40 -209 12 148 806 -2562 -344
3 57 -73 -8 -183 156 86 788 -5431 3828
4 45 -39 -58 -77 -21 251 -724 -720 146
5 55 -72 -68 -159 -2 -198 781 -1715 6842
0 40 -53 -36 -233 81 61 1219 -4750 1463
1 54 -43 9 -217 11 135 2600 -4092 2005
2 40 -33 -51 -209 12 148 842 -2572 -263
3 52 -80 -11 -183 157 87 851 -5411 3872
4 37 -42 -64 -77 -20 250 -722 -725 195
5 53 -77 -63 -159 -1 -198 766 -1703 6813
0 31 -58 -39 -233 82 61 1219 -4750 1463
1 54 -44 11 -217 11 135 2600 -4092 2005
2 39 -32 -54 -208 12 148 842 -2572 -263
3 48 -81 -13 -182 157 87 851 -5411 3872
4 31 -42 -66 -75 -20 251 -722 -725 195
5 51 -79 -62 -159 0 -198 766 -1703 6813
0 40 -61 -42 -233 82 61 1219 -4750 1463
1 55 -45 8 -217 12 135 2600 -4092 2005
2 37 -33 -56 -208 11 148 842 -2572 -263
3 49 -82 -12 -182 157 87 851 -5411 3872
4 15 -41 -64 -76 -21 251 -722 -725 195
5 53 -83 -64 -160 0 -199 766 -1703 6813
0 38 -59 -39 -232 81 62 1219 -4750 1463
1 54 -42 10 -217 12 135 2600 -4092 2005
2 41 -32 -49 -209 12 149 842 -2572 -263
3 51 -80 -13 -182 157 87 851 -5411 3872
4 24 -38 -66 -76 -21 251 -722 -725 195
5 53 -71 -66 -160 -1 -198 766 -1703 6813
0 45 -58 -37 -233 82 61 1219 -4750 1463
1 55 -42 10 -217 11 134 2600 -4092 2005
2 44 -31 -45 -208 12 148 842 -2572 -263
3 55 -79 -7 -182 157 87 851 -5411 3872
4 59 -42 -55 -76 -20 251 -722 -725 195
5 59 -69 -69 -160 -1 -199 766 -1703 6813
0 29 -50 -34 -234 80 61 1219 -4750 1463
1 54 -41 8 -218 10 135 2600 -4092 2005
2 52 -30 -35 -209 12 148 842 -2572 -263
3 64 -69 -6 -182 156 87 851 -5411 3872
4 51 -38 -61 -76 -21 251 -722 -725 195
5 59 -63 -70 -160 -1 -199 766 -1703 6813
0 46 -49 -29 -233 81 61 1238 -4738 1429
1 54 -41 9 -217 10 134 2632 -4103 1991
2 46 -32 -41 -209 12 148 821 -2573 -299
3 71 -73 -8 -181 157 87 807 -5439 3866
4 60 -39 -56 -75 -20 250 -692 -700 149
5 58 -68 -68 -158 -1 -198 786 -1695 6820
0 37 -53 -34 -232 81 61 1238 -4738 1429
1 54 -43 7 -216 11 135 2632 -4103 1991
2 45 -31 -43 -209 12 148 821 -2573 -299
3 58 -76 -10 -182 157 87 807 -5439 3866
4 37 -45 -67 -76 -20 250 -692 -700 149
5 54 -73 -67 -159 -1 -198 786 -1695 6820
0 37 -56 -39 -232 82 61 1238 -4738 1429
1 55 -45 10 -217 11 135 2632 -4103 1991
2 39 -32 -51 -208 12 148 821 -2573 -299
3 52 -83 -12 -182 157 87 807 -5439 3866
4 30 -43 -61 -76 -20 251 -692 -700 149
5 54 -76 -65 -158 -1 -199 786 -1695 6820
0 31 -56 -39 -232 81 61 1238 -4738 1429
1 55 -43 9 -217 12 134 2632 -4103 1991
2 40 -32 -51 -208 12 148 821 -2573 -299
3 53 -83 -14 -182 157 87 807 -5439 3866
4 35 -48 -65 -76 -21 251 -692 -700 149
5 52 -79 -64 -159 -1 -198 786 -1695 6820
0 35 -59 -41 -232 81 61 1238 -4738 1429
1 57 -43 10 -216 12 135 2632 -4103 1991
2 39 -32 -55 -209 12 148 821 -2573 -299
3 51 -83 -13 -182 157 86 807 -5439 3866
4 22 -44 -67 -76 -21 251 -692 -700 149
5 54 -81 -65 -160 0 -198 786 -1695 6820
0 34 -58 -40 -233 81 62 1238 -4738 1429
1 53 -41 9 -216 11 135 2632 -4103 1991
2 42 -33 -48 -209 12 148 821 -2573 -299
3 44 -79 -11 -181 156 88 807 -5439 3866
4 39 -42 -62 -76 -21 251 -692 -700 149
5 55 -72 -66 -160 -1 -198 786 -1695 6820
0 44 -55 -37 -233 80 61 1244 -4792 1472
1 54 -42 8 -217 11 135 2624 -4101 1938
2 46 -32 -44 -208 12 148 850 -2578 -345
3 60 -74 -9 -182 156 88 798 -5426 3873
4 48 -42 -58 -76 -20 250 -743 -725 137
5 57 -68 -69 -160 -1 -198 777 -1744 6855
0 35 -51 -33 -233 80 60 1244 -4792 1472
1 56 -44 7 -217 11 134 2624 -4101 1938
2 48 -32 -42 -208 12 148 850 -2578 -345
3 72 -74 -10 -182 157 87 798 -5426 3873
4 55 -43 -62 -76 -20 251 -743 -725 137
5 57 -68 -70 -160 -2 -198 777 -1744 6855
0 42 -52 -33 -232 81 60 1244 -4792 1472
1 54 -43 10 -217 11 135 2624 -4101 1938
2 46 -32 -43 -209 12 148 850 -2578 -345
3 62 -74 -8 -182 157 87 798 -5426 3873
4 52 -38 -57 -76 -20 250 -743 -725 137
5 57 -67 -67 -159 -1 -199 777 -1744 6855
0 37 -51 -34 -233 81 61 1244 -4792 1472
1 52 -39 8 -217 11 134 2624 -4101 1938
2 44 -30 -46 -209 11 149 850 -2578 -345
3 55 -73 -7 -183 157 87 798 -5426 3873
4 44 -46 -63 -75 -21 251 -743 -725 137
5 55 -74 -66 -158 -1 -198 777 -1744 6855
0 36 -53 -35 -233 82 61 1244 -4792 1472
1 55 -44 9 -217 11 135 2624 -4101 1938
2 43 -31 -50 -209 12 148 850 -2578 -345
3 55 -80 -13 -183 157 87 798 -5426 3873
4 29 -38 -66 -75 -21 251 -743 -725 137
5 53 -78 -64 -159 -1 -198 777 -1744 6855
0 34 -58 -38 -232 81 61 1244 -4792 1472
1 56 -45 11 -217 11 135 2624 -4101 1938
2 37 -35 -54 -209 12 149 850 -2578 -345
3 51 -85 -13 -182 157 87 798 -5426 3873
4 24 -47 -66 -76 -21 251 -743 -725 137
5 51 -78 -63 -159 -1 -198 777 -1744 6855
0 35 -59 -40 -232 81 61 1251 -4763 1474
1 56 -46 9 -217 12 135 2608 -4132 1956
2 40 -33 -51 -208 12 148 800 -2603 -280
3 46 -82 -11 -181 157 87 791 -5445 3911
4 26 -42 -63 -76 -21 251 -749 -713 108
5 55 -75 -66 -159 -1 -198 808 -1723 6832
0 36 -55 -37 -233 81 61 1251 -4763 1474
1 55 -43 11 -217 12 134 2608 -4132 1956
2 42 -32 -49 -209 11 148 800 -2603 -280
3 57 -78 -12 -182 156 87 791 -5445 3911
4 50 -44 -61 -75 -20 251 -749 -713 108
5 54 -68 -66 -159 -1 -198 808 -1723 6832
0 34 -52 -35 -233 81 62 1251 -4763 1474
1 54 -42 9 -217 12 135 2608 -4132 1956
2 44 -32 -44 -209 11 148 800 -2603 -280
3 62 -74 -8 -182 157 87 791 -5445 3911
4 47 -39 -60 -75 -21 251 -749 -713 108
5 58 -69 -68 -159 -1 -198 808 -1723 6832
0 37 -50 -34 -232 81 62 1251 -4763 1474
1 53 -42 9 -217 11 135 2608 -4132 1956
2 46 -29 -43 -208 12 149 800 -2603 -280
3 59 -74 -8 -182 156 88 791 -5445 3911
4 42 -40 -61 -76 -21 251 -749 -713 108
5 56 -70 -68 -159 -2 -198 808 -1723 6832
0 39 -52 -35 -233 81 61 1251 -4763 1474
1 53 -43 9 -217 10 134 2608 -4132 1956
2 45 -31 -46 -208 12 148 800 -2603 -280
3 59 -75 -9 -182 157 87 791 -5445 3911
4 42 -40 -60 -76 -20 250 -749 -713 108
5 57 -75 -68 -159 -2 -199 808 -1723 6832
0 36 -53 -35 -233 81 61 1251 -4763 1474
1 54 -43 8 -217 11 134 2608 -4132 1956
2 43 -32 -47 -209 12 148 800 -2603 -280
3 59 -77 -9 -182 157 87 791 -5445 3911
4 42 -45 -66 -76 -20 251 -749 -713 108
5 55 -73 -65 -158 -2 -198 808 -1723 6832
0 34 -54 -35 -233 81 61 1242 -4790 1436
1 54 -44 9 -217 11 135 2574 -4102 1959
2 42 -32 -48 -208 12 148 837 -2597 -262
3 53 -80 -11 -182 157 87 800 -5439 3837
4 38 -42 -63 -77 -21 251 -744 -737 131
5 55 -75 -65 -159 -1 -199 773 -1699 6812
0 37 -58 -38 -233 81 61 1242 -4790 1436
1 56 -43 11 -217 11 135 2574 -4102 1959
2 39 -33 -53 -208 12 148 837 -2597 -262
3 51 -82 -13 -182 157 87 800 -5439 3837
4 28 -44 -66 -76 -21 251 -744 -737 131
5 53 -78 -65 -159 -1 -198 773 -1699 6812
0 33 -56 -38 -232 81 61 1242 -4790 1436
1 56 -44 10 -217 12 135 2574 -4102 1959
2 41 -31 -49 -208 12 148 837 -2597 -262
3 53 -78 -11 -181 157 87 800 -5439 3837
4 27 -44 -63 -76 -21 251 -744 -737 131
5 55 -76 -66 -160 -1 -198 773 -1699 6812
0 38 -56 -37 -232 80 61 1242 -4790 1436
1 57 -46 9 -217 12 135 2574 -4102 1959
2 44 -32 -46 -209 11 148 837 -2597 -262
3 57 -77 -10 -182 157 87 800 -5439 3837
4 43 -41 -61 -75 -20 250 -744 -737 131
5 57 -72 -68 -160 -1 -198 773 -1699 6812
0 36 -54 -35 -232 80 61 1242 -4790 1436
1 54 -43 11 -215 10 135 2574 -4102 1959
2 46 -33 -44 -209 12 149 837 -2597 -262
3 52 -75 -9 -182 156 87 800 -5439 3837
4 39 -47 -58 -76 -20 250 -744 -737 131
5 57 -71 -67 -159 -2 -198 773 -1699 6812
0 41 -53 -34 -233 81 61 1242 -4790 1436
1 54 -43 7 -215 11 135 2574 -4102 1959
2 47 -32 -43 -210 12 148 837 -2597 -262
3 58 -76 -7 -182 156 87 800 -5439 3837
4 33 -38 -53 -76 -22 250 -744 -737 131
5 55 -72 -66 -159 -1 -197 773 -1699 6812
0 30 -55 -37 -233 80 61 1247 -4796 1435
1 57 -42 13 -217 11 135 2608 -4105 2001
2 40 -33 -51 -209 12 148 840 -2593 -289
3 59 -83 -13 -181 157 86 776 -5477 3863
4 43 -38 -65 -76 -20 252 -760 -697 155
5 55 -76 -65 -159 0 -198 793 -1731 6859
0 48 -55 -36 -232 82 61 1247 -4796 1435
1 54 -46 7 -218 11 134 2608 -4105 2001
2 46 -31 -45 -209 13 148 840 -2593 -289
3 65 -75 -8 -182 156 87 776 -5477 3863
4 42 -38 -72 -76 -21 251 -760 -697 155
5 57 -71 -68 -158 -1 -199 793 -1731 6859
0 29 -51 -35 -232 82 61 1247 -4796 1435
1 54 -42 9 -216 11 134 2608 -4105 2001
2 45 -32 -43 -210 12 149 840 -2593 -289
3 66 -75 -10 -181 157 87 776 -5477 3863
4 53 -48 -53 -76 -21 251 -760 -697 155
5 55 -67 -67 -159 -1 -198 793 -1731 6859
0 37 -50 -31 -232 81 61 1247 -4796 1435
1 55 -43 11 -217 13 134 2608 -4105 2001
2 42 -34 -49 -209 12 147 840 -2593 -289
3 52 -78 -11 -181 156 87 776 -5477 3863
4 38 -52 -56 -75 -20 249 -760 -697 155
5 55 -73 -65 -158 0 -196 793 -1731 6859
0 26 -55 -39 -232 80 61 1247 -4796 1435
1 56 -42 10 -218 12 135 2608 -4105 2001
2 44 -33 -45 -208 12 148 840 -2593 -289
3 46 -81 -9 -181 156 87 776 -5477 3863
4 30 -44 -71 -76 -19 249 -760 -697 155
5 54 -79 -65 -159 0 -198 793 -1731 6859
0 43 -58 -39 -232 80 63 1247 -4796 1435
1 56 -43 12 -217 12 136 2608 -4105 2001
2 38 -32 -54 -208 12 148 840 -2593 -289
3 63 -85 -17 -182 157 87 776 -5477 3863
4 32 -43 -75 -76 -20 250 -760 -697 155
5 54 -77 -65 -159 -1 -198 793 -1731 6859
0 44 -60 -40 -232 81 61 1243 -4788 1441
1 57 -42 10 -217 11 135 2616 -4108 1975
2 43 -33 -42 -208 12 148 844 -2607 -256
3 65 -74 -8 -182 157 87 743 -5445 3858
4 33 -41 -59 -76 -21 250 -735 -692 161
5 58 -71 -67 -160 -2 -199 765 -1713 6823
0 40 -50 -34 -233 82 61 1243 -4788 1441
1 53 -43 7 -217 10 134 2616 -4108 1975
2 46 -32 -42 -209 13 148 844 -2607 -256
3 61 -75 -8 -183 157 87 743 -5445 3858
4 61 -34 -51 -76 -22 251 -735 -692 161
5 57 -61 -70 -159 -1 -198 765 -1713 6823
0 38 -51 -30 -233 81 61 1243 -4788 1441
1 53 -41 10 -217 12 135 2616 -4108 1975
2 46 -30 -43 -209 11 149 844 -2607 -256
3 54 -71 -3 -183 157 88 743 -5445 3858
4 77 -50 -52 -76 -21 253 -735 -692 161
5 60 -75 -69 -158 1 -196 765 -1713 6823
0 27 -54 -38 -233 81 61 1243 -4788 1441
1 53 -43 7 -216 11 134 2616 -4108 1975
2 46 -32 -45 -209 12 149 844 -2607 -256
3 51 -81 -16 -183 156 88 743 -5445 3858
4 -11 -33 -67 -77 -24 252 -735 -692 161
5 51 -79 -62 -159 -1 -197 765 -1713 6823
0 48 -65 -45 -234 80 62 1243 -4788 1441
1 55 -45 11 -216 11 135 2616 -4108 1975
2 27 -35 -70 -208 11 148 844 -2607 -256
3 41 -90 -19 -182 157 87 743 -5445 3858
4 10 -46 -60 -76 -21 249 -735 -692 161
5 50 -88 -60 -160 -2 -197 765 -1713 6823
0 37 -68 -48 -233 80 61 1243 -4788 1441
1 53 -43 9 -217 11 136 2616 -4108 1975
2 42 -32 -50 -209 13 147 844 -2607 -256
3 50 -78 -10 -182 155 87 743 -5445 3858
4 4 -44 -70 -77 -19 251 -735 -692 161
5 54 -76 -65 -161 -2 -200 765 -1713 6823
0 36 -51 -35 -233 80 60 1223 -4744 1442
1 55 -41 10 -217 12 134 2614 -4117 1921
2 45 -32 -44 -209 12 148 823 -2593 -299
3 79 -73 -12 -181 156 86 780 -5396 3864
4 87 -28 -50 -76 -21 251 -754 -726 121
5 59 -56 -71 -160 -1 -198 800 -1719 6878
0 45 -45 -26 -232 81 62 1223 -4744 1442
1 56 -41 7 -217 11 134 2614 -4117 1921
2 51 -30 -36 -208 12 148 823 -2593 -299
3 70 -66 -1 -181 157 87 780 -5396 3864
4 99 -48 -55 -76 -21 252 -754 -726 121
5 61 -57 -72 -158 -1 -197 800 -1719 6878
0 23 -41 -28 -232 81 61 1223 -4744 1442
1 51 -40 6 -217 11 135 2614 -4117 1921
2 54 -30 -29 -208 12 148 823 -2593 -299
3 59 -68 -2 -181 157 88 780 -5396 3864
4 35 -38 -68 -76 -22 251 -754 -726 121
5 55 -67 -69 -157 -1 -197 800 -1719 6878
0 44 -50 -33 -232 81 63 1223 -4744 1442
1 56 -43 12 -217 11 134 2614 -4117 1921
2 38 -34 -56 -208 12 148 823 -2593 -299
3 54 -84 -14 -182 157 87 780 -5396 3864
4 50 -46 -62 -76 -21 250 -754 -726 121
5 52 -83 -63 -158 0 -198 800 -1719 6878
0 28 -62 -45 -232 81 61 1223 -4744 1442
1 56 -46 8 -218 12 135 2614 -4117 1921
2 40 -34 -53 -208 12 148 823 -2593 -299
3 45 -86 -14 -182 158 86 780 -5396 3864
4 3 -53 -73 -75 -21 251 -754 -726 121
5 52 -88 -62 -161 -1 -199 800 -1719 6878
0 37 -63 -44 -233 81 61 1223 -4744 1442
1 56 -44 12 -217 11 134 2614 -4117 1921
2 36 -33 -56 -208 12 148 823 -2593 -299
3 45 -87 -16 -182 157 87 780 -5396 3864
4 28 -45 -68 -76 -21 250 -754 -726 121
5 50 -76 -65 -160 -2 -198 800 -1719 6878
0 47 -62 -40 -232 81 61 1228 -4782 1409
1 56 -48 11 -217 11 135 2591 -4142 1937
2 40 -32 -50 -208 11 147 791 -2590 -330
3 43 -77 -8 -182 157 87 780 -5398 3895
4 65 -46 -58 -76 -21 251 -746 -687 125
5 56 -77 -66 -159 0 -198 800 -1718 6867
0 26 -53 -38 -232 80 61 1228 -4782 1409
1 53 -43 6 -217 11 135 2591 -4142 1937
2 47 -31 -41 -208 12 149 791 -2590 -330
3 60 -75 -10 -182 156 87 780 -5398 3895
4 26 -40 -67 -77 -21 251 -746 -687 125
5 56 -69 -68 -160 1 -198 800 -1718 6867
0 48 -55 -34 -231 81 61 1228 -4782 1409
1 56 -46 10 -217 12 135 2591 -4142 1937
2 44 -31 -46 -208 11 147 791 -2590 -330
3 60 -72 -14 -179 156 86 780 -5398 3895
4 49 -47 -49 -75 -20 250 -746 -687 125
5 57 -72 -66 -159 -1 -198 800 -1718 6867
0 36 -52 -36 -232 80 62 1228 -4782 1409
1 53 -42 5 -216 11 135 2591 -4142 1937
2 45 -30 -43 -209 12 149 791 -2590 -330
3 62 -73 -7 -181 158 88 780 -5398 3895
4 5 -50 -55 -77 -22 250 -746 -687 125
5 57 -75 -67 -160 -1 -199 800 -1718 6867
0 37 -55 -38 -233 80 61 1228 -4782 1409
1 55 -43 8 -217 10 134 2591 -4142 1937
2 47 -33 -44 -210 10 147 791 -2590 -330
3 58 -77 -9 -183 156 87 780 -5398 3895
4 23 -26 -66 -76 -21 254 -746 -687 125
5 53 -67 -67 -159 -2 -198 800 -1718 6867
0 52 -56 -34 -233 80 60 1228 -4782 1409
1 56 -41 11 -217 12 134 2591 -4142 1937
2 44 -32 -45 -210 12 148 791 -2590 -330
3 55 -73 -5 -182 156 87 780 -5398 3895
4 69 -48 -50 -76 -21 250 -746 -687 125
5 58 -71 -66 -159 -1 -197 800 -1718 6867
0 27 -47 -35 -233 81 61 1206 -4806 1470
1 50 -41 5 -217 11 134 2640 -4093 2019
2 50 -30 -37 -209 13 148 819 -2570 -358
3 71 -76 -11 -183 156 87 779 -5453 3849
4 22 -40 -62 -76 -20 251 -719 -720 114
5 53 -67 -68 -158 -1 -199 767 -1707 6862
0 33 -55 -34 -233 81 61 1206 -4806 1470
1 56 -42 13 -217 12 135 2640 -4093 2019
2 39 -33 -53 -208 12 148 819 -2570 -358
3 59 -78 -13 -182 158 86 779 -5453 3849
4 72 -56 -59 -76 -21 251 -719 -720 114
5 53 -75 -67 -158 0 -197 767 -1707 6862
0 29 -57 -42 -232 80 62 1206 -4806 1470
1 53 -46 7 -215 11 134 2640 -4093 2019
2 42 -32 -50 -210 11 150 819 -2570 -358
3 36 -81 -9 -183 156 88 779 -5453 3849
4 -8 -36 -65 -76 -23 252 -719 -720 114
5 52 -80 -63 -160 -2 -197 767 -1707 6862
0 42 -61 -42 -232 81 62 1206 -4806 1470
1 55 -45 10 -215 11 134 2640 -4093 2019
2 34 -34 -59 -208 11 148 819 -2570 -358
3 51 -84 -13 -180 156 87 779 -5453 3849
4 -5 -41 -66 -76 -22 251 -719 -720 114
5 55 -80 -63 -159 1 -198 767 -1707 6862
0 34 -56 -42 -233 81 61 1206 -4806 1470
1 52 -44 6 -218 11 134 2640 -4093 2019
2 47 -29 -41 -208 12 148 819 -2570 -358
3 67 -76 -12 -181 157 87 779 -5453 3849
4 51 -53 -58 -76 -21 252 -719 -720 114
5 57 -74 -67 -159 -1 -199 767 -1707 6862
0 36 -50 -35 -233 82 60 1206 -4806 1470
1 51 -42 8 -218 11 134 2640 -4093 2019
2 45 -31 -45 -208 13 148 819 -2570 -358
3 63 -72 -8 -181 158 85 779 -5453 3849
4 44 -32 -66 -76 -20 249 -719 -720 114
5 57 -63 -70 -159 -2 -198 767 -1707 6862
0 32 -48 -29 -234 81 61 1216 -4771 1454
1 55 -43 6 -218 11 135 2649 -4087 1952
2 48 -30 -40 -209 11 148 815 -2595 -319
3 51 -69 -2 -181 157 87 776 -5389 3871
4 79 -46 -56 -76 -21 251 -754 -695 89
5 59 -69 -68 -158 -1 -199 797 -1709 6830
0 29 -52 -36 -232 80 63 1216 -4771 1454
1 53 -44 6 -217 10 136 2649 -4087 1952
2 40 -32 -53 -208 12 149 815 -2595 -319
3 55 -82 -16 -181 157 88 776 -5389 3871
4 22 -40 -65 -75 -23 251 -754 -695 89
5 50 -79 -63 -159 -1 -198 797 -1709 6830
0 34 -60 -41 -232 81 63 1216 -4771 1454
1 58 -45 13 -216 11 135 2649 -4087 1952
2 34 -33 -61 -208 12 148 815 -2595 -319
3 50 -87 -17 -182 157 86 776 -5389 3871
4 8 -50 -69 -76 -21 251 -754 -695 89
5 53 -87 -62 -159 0 -197 797 -1709 6830
0 46 -61 -44 -232 81 61 1216 -4771 1454
1 54 -43 9 -217 11 134 2649 -4087 1952
2 44 -32 -47 -209 12 148 815 -2595 -319
3 45 -78 -9 -183 156 87 776 -5389 3871
4 10 -43 -68 -76 -20 250 -754 -695 89
5 58 -77 -66 -161 -1 -198 797 -1709 6830
0 37 -52 -35 -233 81 60 1216 -4771 1454
1 54 -41 8 -217 11 134 2649 -4087 1952
2 49 -30 -41 -210 13 147 815 -2595 -319
3 75 -71 -10 -183 156 87 776 -5389 3871
4 62 -35 -54 -76 -19 250 -754 -695 89
5 59 -57 -72 -158 -1 -198 797 -1709 6830
0 42 -44 -27 -233 81 60 1216 -4771 1454
1 53 -41 9 -217 11 135 2649 -4087 1952
2 47 -33 -41 -209 13 147 815 -2595 -319
3 70 -71 -7 -182 157 86 776 -5389 3871
4 96 -47 -56 -76 -21 251 -754 -695 89
5 59 -64 -72 -159 0 -198 797 -1709 6830
0 16 -50 -35 -233 81 63 1236 -4781 1467
1 53 -42 6 -217 11 136 2626 -4103 1999
2 47 -30 -41 -208 11 147 811 -2591 -293
3 46 -78 -9 -182 157 87 824 -5443 3857
4 20 -36 -64 -77 -22 250 -738 -699 117
5 52 -78 -62 -158 0 -198 793 -1697 6822
0 47 -63 -40 -232 81 62 1236 -4781 1467
1 57 -45 13 -216 11 135 2626 -4103 1999
2 35 -34 -60 -208 12 148 811 -2591 -293
3 50 -86 -17 -182 157 88 824 -5443 3857
4 29 -51 -72 -76 -21 251 -738 -699 117
5 52 -89 -62 -158 0 -198 793 -1697 6822
0 28 -66 -49 -233 81 62 1236 -4781 1467
1 55 -43 9 -216 11 135 2626 -4103 1999
2 39 -33 -55 -209 12 148 811 -2591 -293
3 55 -83 -17 -182 157 87 824 -5443 3857
4 -1 -47 -68 -77 -20 251 -738 -699 117
5 53 -86 -63 -160 -1 -199 793 -1697 6822
0 48 -60 -41 -232 81 61 1236 -4781 1467
1 56 -42 12 -217 11 134 2626 -4103 1999
2 41 -31 -50 -208 12 147 811 -2591 -293
3 56 -79 -12 -183 157 87 824 -5443 3857
4 62 -41 -62 -76 -19 250 -738 -699 117
5 58 -62 -71 -159 0 -197 793 -1697 6822
0 43 -48 -31 -233 80 60 1236 -4781 1467
1 52 -43 7 -217 11 134 2626 -4103 1999
2 52 -29 -33 -210 12 148 811 -2591 -293
3 60 -65 2 -183 157 87 824 -5443 3857
4 105 -52 -46 -75 -20 250 -738 -699 117
5 61 -62 -72 -160 -1 -197 793 -1697 6822
0 29 -48 -31 -232 80 62 1236 -4781 1467
1 52 -42 8 -216 11 134 2626 -4